{
    "extrinsics": {
        "037522251142": [
            0.5178465247154236,
            0.533395528793335,
            0.6688229441642761,
            -0.3151613771915436,
            0.7284036874771118,
            0.13507455587387085,
            -0.6717015504837036,
            0.5120453238487244,
            -0.44862350821495056,
            0.8350114226341248,
            -0.3185791075229645,
            0.7317371368408203
        ],
        "043422252387": [
            -0.999582827091217,
            0.01954331248998642,
            0.021267179399728775,
            0.06791031360626221,
            0.0002573318197391927,
            -0.7302630543708801,
            0.6831660270690918,
            -0.823465883731842,
            0.028881581500172615,
            0.6828864812850952,
            0.7299531698226929,
            0.27085450291633606
        ],
        "046122250168": [
            0.8290941715240479,
            -0.4220081567764282,
            0.36675864458084106,
            -0.4494844675064087,
            0.5568462610244751,
            0.6822131276130676,
            -0.4738222658634186,
            0.2628784775733948,
            -0.05025048926472664,
            0.5970711708068848,
            0.8006126880645752,
            0.12327423691749573
        ],
        "105322251225": [
            -0.6709181666374207,
            -0.40416139364242554,
            0.6217092275619507,
            -0.4428538680076599,
            0.7122534513473511,
            -0.1179722398519516,
            0.6919376254081726,
            -0.8134202361106873,
            -0.20631025731563568,
            0.9070478677749634,
            0.3670150935649872,
            0.60369873046875
        ],
        "105322251564": [
            1.0,
            0.0,
            0.0,
            0.0,
            0.0,
            1.0,
            0.0,
            0.0,
            0.0,
            0.0,
            1.0,
            0.0
        ],
        "108222250342": [
            0.5954036116600037,
            0.5956106781959534,
            -0.5392053723335266,
            0.578177809715271,
            -0.7678219079971313,
            0.6194123029708862,
            -0.1636396050453186,
            0.1982412040233612,
            0.23652499914169312,
            0.5114452838897705,
            0.8261231780052185,
            0.23670659959316254
        ],
        "115422250549": [
            -0.6398981809616089,
            0.39162540435791016,
            0.6611807346343994,
            -0.30611085891723633,
            0.7292622327804565,
            0.5807565450668335,
            0.36179906129837036,
            -0.6479025483131409,
            -0.2422955483198166,
            0.7136885523796082,
            -0.6572224497795105,
            1.1649997234344482
        ],
        "117222250549": [
            -0.5467999577522278,
            0.5455328226089478,
            -0.6351406574249268,
            0.6089606881141663,
            -0.7705701589584351,
            -0.031204286962747574,
            0.6365908980369568,
            -0.7724461555480957,
            0.32746201753616333,
            0.8375083804130554,
            0.437433660030365,
            0.6286381483078003
        ],
        "tag_0": [
            -0.012189106084406376,
            -0.0226144902408123,
            0.9996756911277771,
            -0.5467686653137207,
            -0.9208563566207886,
            -0.3893875777721405,
            -0.020036811009049416,
            -0.10729380697011948,
            0.38971221446990967,
            -0.9207969307899475,
            -0.016078371554613113,
            0.8325355648994446
        ],
        "tag_1": [
            -0.02608797699213028,
            -0.9987239241600037,
            -0.04324627295136452,
            0.14909502863883972,
            -0.9302037358283997,
            0.04009642452001572,
            -0.36484646797180176,
            -0.08480200916528702,
            0.3661148250102997,
            0.030709780752658844,
            -0.9300631284713745,
            1.0158740282058716
        ]
    },
    "rs_master": "105322251564"
}