{
    "extrinsics": {
        "105322251564": [
            1.0,
            0.0,
            0.0,
            0.0,
            0.0,
            1.0,
            0.0,
            0.0,
            0.0,
            0.0,
            1.0,
            0.0
        ],
        "043422252387": [
            -0.9996180534362793,
            0.019765067845582962,
            0.01931660808622837,
            0.06795281171798706,
            -0.0014090099139139056,
            -0.7344828844070435,
            0.6786258816719055,
            -0.8196471929550171,
            0.027600817382335663,
            0.6783393025398254,
            0.7342303991317749,
            0.26346614956855774
        ],
        "037522251142": [
            0.5045281052589417,
            0.5395759344100952,
            0.6740246415138245,
            -0.32714512944221497,
            0.7349536418914795,
            0.14128267765045166,
            -0.6632362008094788,
            0.5048226714134216,
            -0.45309433341026306,
            0.829998254776001,
            -0.3252822458744049,
            0.7371608018875122
        ],
        "105322251225": [
            -0.6710874438285828,
            -0.404274046421051,
            0.6214531660079956,
            -0.44307148456573486,
            0.7125647664070129,
            -0.12030335515737534,
            0.6912152767181396,
            -0.8131464719772339,
            -0.20467744767665863,
            0.9066916108131409,
            0.3688056766986847,
            0.6018916964530945
        ],
        "108222250342": [
            0.5955051183700562,
            0.5948197245597839,
            -0.5399659276008606,
            0.5797899961471558,
            -0.7680402994155884,
            0.6186296939849854,
            -0.16556380689144135,
            0.20021580159664154,
            0.23555830121040344,
            0.5133097171783447,
            0.8252426981925964,
            0.23790210485458374
        ],
        "117222250549": [
            -0.5372756123542786,
            0.5023398995399475,
            -0.6774876117706299,
            0.5919420719146729,
            -0.7964311242103577,
            -0.037841618061065674,
            0.6035440564155579,
            -0.7738022804260254,
            0.27754703164100647,
            0.8638418316841125,
            0.4204106032848358,
            0.6395772099494934
        ],
        "046122250168": [
            0.8277859091758728,
            -0.42428430914878845,
            0.3670876920223236,
            -0.45197269320487976,
            0.5587608814239502,
            0.6824271082878113,
            -0.4712531864643097,
            0.26013249158859253,
            -0.05056528002023697,
            0.5952110290527344,
            0.8019769787788391,
            0.12005289644002914
        ],
        "115422250549": [
            -0.6362526416778564,
            0.40160608291625977,
            0.6587071418762207,
            -0.3065055012702942,
            0.7325520515441895,
            0.582294762134552,
            0.3525623679161072,
            -0.638524055480957,
            -0.24197043478488922,
            0.7068561315536499,
            -0.664683997631073,
            1.1760154962539673
        ],
        "tag_0": [
            -0.012189106084406376,
            -0.0226144902408123,
            0.9996756911277771,
            -0.5467686653137207,
            -0.9208563566207886,
            -0.3893875777721405,
            -0.020036811009049416,
            -0.10729380697011948,
            0.38971221446990967,
            -0.9207969307899475,
            -0.016078371554613113,
            0.8325355648994446
        ],
        "tag_1": [
            -0.02608797699213028,
            -0.9987239241600037,
            -0.04324627295136452,
            0.14909502863883972,
            -0.9302037358283997,
            0.04009642452001572,
            -0.36484646797180176,
            -0.08480200916528702,
            0.3661148250102997,
            0.030709780752658844,
            -0.9300631284713745,
            1.0158740282058716
        ]
    },
    "rs_master": "105322251564"
}